AUC: 0.7040410870313385
F1 Score: 0.2701021161812402
Precision: 0.7105896764382867
Recall: 0.1667410050550104
Accuracy: 0.5494152046783626

